1	1.871928930
2	1.928888202
3	1.946313381
4	1.920589328
5	1.909868360
6	1.874049664
7	2.016420364
8	2.075674534
9	2.049963236
10	1.923697114
11	2.078208685
12	2.013426304
13	1.804464221
14	1.919874191
15	2.021549225
16	2.036766768
17	2.023224831
18	1.891478300
19	1.702402592
20	1.936031580
21	1.835123181
22	1.979002833
23	1.866111159
24	2.073060513
25	1.949797988
26	2.325490475
27	1.982362270
28	2.250391483
29	2.075845718
30	1.699221849
31	2.022153616
32	1.924710035
33	2.109761000
34	2.163200617
35	1.924111485
36	1.905853748
37	1.999431014
38	1.875387192
39	2.183169365
40	2.066322088
41	1.892579079
42	2.023196459
43	1.737416029
44	2.202714205
45	1.967768192
46	1.882758498
47	1.969855905
48	1.854426265
49	1.942077756
50	1.880019188
51	2.006246328
52	1.822303176
53	1.800023079
54	1.688085079
55	2.025812864
56	2.262624979
57	2.064776659
58	1.902551413
59	1.971508861
60	1.903568625
61	2.191226244
62	2.069790363
63	2.049247742
64	2.200448036
65	2.058444500
66	2.233476639
67	2.115708828
68	2.060241461
69	2.219232559
70	2.283573866
71	2.030600071
72	1.929895282
73	1.947487116
74	1.995710373
75	1.861450672
76	1.998839855
77	2.070880651
78	2.188969374
79	2.171885252
80	2.121143103
81	2.118853092
82	2.176176071
83	2.097913265
84	1.909879446
85	2.228687525
86	2.181777477
87	2.359005690
88	2.175142765
89	2.084504843
90	2.095549583
91	2.011797905
92	1.966078281
93	2.535612583
94	2.142829657
95	2.254739046
96	2.089882374
97	2.119925737
98	1.834987760
99	1.776961446
100	2.208613157
101	2.189112425
102	2.242822170
103	1.997045159
104	2.097905636
105	1.088364244
106	1.144432545
107	1.263711810
108	1.351392746
109	1.191897988
110	1.389701605
111	1.470126867
112	1.395688653
113	1.667857289
114	1.510233641
115	1.689820170
116	1.466182232
117	1.812362075
118	1.694658518
119	1.756563425
120	1.645808935
121	1.746839166
122	2.022596359
123	1.935794115
124	2.085838318
125	2.018053532
126	1.997579813
127	2.041375637
128	2.059987068
129	1.899433255
130	1.843842745
131	2.035482883
132	1.987869024
133	1.915129662
134	2.291493416
135	2.167930603
136	1.876610279
137	2.036510468
138	1.935380220
139	2.185727835
140	1.903014302
141	2.106605291
142	2.011903763
143	2.056040764
144	2.125848770
145	1.957346678
146	2.183754683
147	1.970609188
148	1.846943259
149	2.182047844
150	2.271807194
151	2.133974314
152	2.131533861
153	1.896292090
154	2.088510275
155	2.022757769
156	2.218705416
157	1.945694327
158	1.939854145
159	2.155080795
160	2.185081244
161	1.921455383
162	2.202171087
163	2.412389040
164	1.925440550
165	2.039901972
166	2.200176477
167	1.973878860
168	1.960260987
169	2.228528976
170	1.749181867
171	2.046837807
172	2.091215611
173	1.793858886
174	2.032788754
175	2.062327385
176	1.941367149
177	1.965783238
178	2.026040077
179	2.098405361
180	2.331363201
181	2.083981991
182	2.019064426
183	2.371774435
184	2.371626854
185	2.090909004
186	2.343947649
187	2.396307945
188	2.060551643
189	2.162616491
190	1.949502826
191	2.166592836
192	1.995610595
193	2.336687088
194	1.881263614
195	2.163804293
196	2.134507895
197	2.211228609
198	2.168749094
199	2.083829880
200	2.255789995
201	2.259280682
202	2.101372004
203	1.955205917
204	1.789782524
205	2.061907768
206	2.587960243
207	2.305285931
208	2.200008154
209	1.908088207
210	2.149261236
211	2.012975693
212	2.312215090
213	2.021831512
214	1.868511319
215	2.145201683
216	2.046349287
217	2.255643845
218	1.981655717
219	1.901270747
220	1.988802910
221	2.040006161
222	2.236763000
223	2.367169380
224	2.374998093
225	1.983169198
226	2.680671930
227	2.133934021
228	2.438249826
229	2.057336807
230	2.001400471
231	2.037995577
232	1.939747691
233	2.204728842
234	1.857801557
235	1.889434814
236	1.922520995
237	1.924675465
238	2.048967361
239	1.864717722
240	1.792611480
241	1.888215184
242	2.264703035
243	2.107841015
244	2.193775654
245	1.960425735
246	1.889668465
247	2.101910114
248	2.158554554
249	2.115460396
250	2.068405867
251	2.210782766
252	2.182434797
253	2.030980825
254	2.053432703
255	2.224220514
256	2.130034447
257	2.250264883
258	2.093095303
259	2.226949692
260	2.130985498
261	1.946235418
262	2.026156902
263	1.815129757
264	2.045037031
265	2.156094790
266	2.192858934
267	2.131996393
268	2.177104712
269	2.215215683
270	2.402684212
271	2.418902397
272	1.959311247
273	2.188223839
274	2.269163847
275	2.132377863
276	2.231986284
277	2.334499121
278	2.009064674
279	2.135388851
280	2.142884016
281	2.228735209
282	2.184262514
283	2.177450418
284	2.024849653
285	2.168952465
286	2.305150747
287	2.173333645
288	2.205048084
289	2.054111481
290	2.770070076
291	2.144636631
292	2.091404676
293	2.375101805
294	2.121659756
295	1.921866298
296	2.326831341
297	2.227298975
298	1.851327896
299	1.977533817
300	2.112682343
301	2.078846455
302	2.286349535
303	1.932098866
304	1.923095584
305	2.011943579
306	2.093571901
307	1.863335490
308	2.191108465
309	2.000704527
310	2.175202370
311	2.267028093
312	2.084042072
313	2.184546232
314	2.006229401
315	2.146940470
316	2.132119179
317	2.024163008
318	2.093033552
319	2.249886990
320	1.872501731
321	2.115632772
322	1.778490663
323	2.193500042
324	2.112216473
325	1.940607309
326	2.128549814
327	1.927128553
328	2.016911507
329	2.089599848
330	2.299172640
331	2.015164375
332	1.839950681
333	1.986491084
334	2.285384655
335	2.381027222
336	2.005596399
337	2.201811552
338	2.278766155
339	2.215600967
340	2.210464478
341	2.218314648
342	2.434069633
343	2.299344301
344	1.966415405
345	1.954305053
346	2.203075647
347	2.406409502
348	2.290744305
349	2.064357519
350	1.900568008
351	1.939139128
352	2.239299059
353	2.209576607
354	2.218288660
355	2.224284172
356	2.151996136
357	2.266030788
358	2.256478071
359	2.110346556
360	2.127336025
361	1.965832233
362	2.272096872
363	2.294048071
364	2.312818050
365	2.074545383
366	1.950213790
367	2.159195185
368	2.127877474
369	2.097322702
370	2.338835955
371	2.482868671
372	2.242157221
373	2.141652346
374	2.042884827
375	2.392782688
376	1.939413309
377	2.378399611
378	2.139250278
379	2.279741764
380	2.142670631
381	2.379315615
382	2.384386778
383	2.111113071
384	1.892668009
